1 0.67890625 0.85234375 0.11484375 0.16328125
4 0.271875 0.85078125 0.1171875 0.13828125
4 0.415625 0.8125 0.090625 0.15703125
4 0.53203125 0.7890625 0.09609375 0.14921875
4 0.4921875 0.521875 0.040625 0.0515625
5 0.32109375 0.721875 0.090625 0.12109375
5 0.46015625 0.6453125 0.06015625 0.10234375
5 0.3796875 0.65234375 0.075 0.096875
0 0.54765625 0.64375 0.06171875 0.10390625
0 0.78515625 0.728125 0.0953125 0.103125
1 0.659375 0.6484375 0.0640625 0.084375
6 0.759375 0.66171875 0.06171875 0.05859375
0 0.746875 0.60546875 0.0625 0.06875
0 0.65546875 0.578125 0.05859375 0.06171875
0 0.553125 0.56875 0.0609375 0.0578125
0 0.734375 0.54375 0.04921875 0.06640625
0 0.56171875 0.52421875 0.040625 0.0546875
0 0.48125 0.571875 0.0515625 0.065625
0 0.57578125 0.44296875 0.03828125 0.0484375