4 0.10078125 0.68203125 0.2015625 0.2203125
4 0.2484375 0.8046875 0.2671875 0.29453125
4 0.7375 0.72890625 0.21171875 0.2484375
1 0.50625 0.63984375 0.1203125 0.165625
1 0.93125 0.665625 0.1375 0.175
1 0.82890625 0.5828125 0.11171875 0.09609375
1 0.86953125 0.921875 0.26015625 0.15625
3 0.6921875 0.58125 0.0984375 0.08828125
3 0.6671875 0.5359375 0.0671875 0.05546875
0 0.75234375 0.53046875 0.075 0.0703125
0 0.346875 0.58359375 0.10078125 0.11171875
0 0.41328125 0.52109375 0.05703125 0.071875
5 0.22734375 0.59296875 0.13359375 0.10703125
3 0.6515625 0.49921875 0.05390625 0.03984375
3 0.7171875 0.4859375 0.05625 0.0421875
0 0.51875 0.54921875 0.084375 0.0578125
0 0.54921875 0.48984375 0.05625 0.04765625