1 0.8765625 0.83046875 0.246875 0.3390625
3 0.2703125 0.825 0.23671875 0.35
3 0.0703125 0.63203125 0.140625 0.16015625
4 0.91015625 0.58828125 0.1796875 0.1234375
0 0.34140625 0.578125 0.11796875 0.14609375
0 0.11640625 0.525 0.11015625 0.08515625
6 0.5046875 0.54296875 0.1109375 0.1125
6 0.75078125 0.5703125 0.1703125 0.10859375
3 0.6484375 0.64375 0.209375 0.1796875
3 0.60078125 0.5109375 0.125 0.10546875
3 0.434375 0.48828125 0.0734375 0.08671875
3 0.32578125 0.49375 0.0671875 0.0734375
0 0.20859375 0.46640625 0.0703125 0.0703125
0 0.27890625 0.4609375 0.0578125 0.059375