1 0.1234375 0.16953125 0.246875 0.3390625
3 0.7296875 0.175 0.23671875 0.35
3 0.9296875 0.36796875 0.140625 0.16015625
4 0.08984375 0.41171875 0.1796875 0.1234375
0 0.65859375 0.421875 0.11796875 0.14609375
0 0.88359375 0.475 0.11015625 0.08515625
6 0.4953125 0.45703125 0.1109375 0.1125
6 0.24921875 0.4296875 0.1703125 0.10859375
3 0.3515625 0.35625 0.209375 0.1796875
3 0.39921875 0.4890625 0.125 0.10546875
3 0.565625 0.51171875 0.0734375 0.08671875
3 0.67421875 0.50625 0.0671875 0.0734375
0 0.79140625 0.53359375 0.0703125 0.0703125
0 0.72109375 0.5390625 0.0578125 0.059375