1 0.32109375 0.85234375 0.11484375 0.16328125
4 0.728125 0.85078125 0.1171875 0.13828125
4 0.584375 0.8125 0.090625 0.15703125
4 0.46796875 0.7890625 0.09609375 0.14921875
4 0.5078125 0.521875 0.040625 0.0515625
5 0.67890625 0.721875 0.090625 0.12109375
5 0.53984375 0.6453125 0.06015625 0.10234375
5 0.6203125 0.65234375 0.075 0.096875
0 0.45234375 0.64375 0.06171875 0.10390625
0 0.21484375 0.728125 0.0953125 0.103125
1 0.340625 0.6484375 0.0640625 0.084375
6 0.240625 0.66171875 0.06171875 0.05859375
0 0.253125 0.60546875 0.0625 0.06875
0 0.34453125 0.578125 0.05859375 0.06171875
0 0.446875 0.56875 0.0609375 0.0578125
0 0.265625 0.54375 0.04921875 0.06640625
0 0.43828125 0.52421875 0.040625 0.0546875
0 0.51875 0.571875 0.0515625 0.065625
0 0.42421875 0.44296875 0.03828125 0.0484375