4 0.9 0.87890625 0.19921875 0.2421875
4 0.07578125 0.85703125 0.15078125 0.21796875
4 0.25625 0.8609375 0.26796875 0.2546875
4 0.8453125 0.7390625 0.17265625 0.12734375
4 0.69921875 0.71875 0.11015625 0.12734375
4 0.49765625 0.64296875 0.096875 0.09453125
4 0.54375 0.5953125 0.04609375 0.059375
4 0.68515625 0.63203125 0.071875 0.07734375
5 0.5 0.81328125 0.22109375 0.290625
5 0.5875 0.6734375 0.0921875 0.1375
1 0.7078125 0.86171875 0.21328125 0.27578125
1 0.34140625 0.6765625 0.11953125 0.10703125
1 0.41484375 0.725 0.1328125 0.13671875
6 0.21015625 0.70625 0.14375 0.11328125
5 0.58984375 0.675 0.07578125 0.1265625
0 0.78046875 0.66015625 0.1171875 0.08828125