4 0.9 0.12109375 0.19921875 0.2421875
4 0.07578125 0.14296875 0.15078125 0.21796875
4 0.25625 0.1390625 0.26796875 0.2546875
4 0.8453125 0.2609375 0.17265625 0.12734375
4 0.69921875 0.28125 0.11015625 0.12734375
4 0.49765625 0.35703125 0.096875 0.09453125
4 0.54375 0.4046875 0.04609375 0.059375
4 0.68515625 0.36796875 0.071875 0.07734375
5 0.5 0.18671875 0.22109375 0.290625
5 0.5875 0.3265625 0.0921875 0.1375
1 0.7078125 0.13828125 0.21328125 0.27578125
1 0.34140625 0.3234375 0.11953125 0.10703125
1 0.41484375 0.275 0.1328125 0.13671875
6 0.21015625 0.29375 0.14375 0.11328125
5 0.58984375 0.325 0.07578125 0.1265625
0 0.78046875 0.33984375 0.1171875 0.08828125