4 0.89921875 0.6828125 0.2015625 0.21875
4 0.7515625 0.8046875 0.2671875 0.29453125
4 0.2625 0.72890625 0.21171875 0.24765625
1 0.49375 0.63984375 0.1203125 0.16484375
1 0.06875 0.66640625 0.1375 0.175
1 0.17109375 0.5828125 0.1109375 0.09609375
1 0.1296875 0.921875 0.259375 0.15625
3 0.3078125 0.58125 0.0984375 0.08828125
3 0.3328125 0.5359375 0.06796875 0.0546875
0 0.24765625 0.53046875 0.07578125 0.0703125
0 0.653125 0.58359375 0.10078125 0.11171875
0 0.58671875 0.5203125 0.05703125 0.07109375
5 0.771875 0.59296875 0.13359375 0.10703125
3 0.3484375 0.49921875 0.05390625 0.03984375
3 0.2828125 0.4859375 0.05625 0.0421875
0 0.48125 0.55 0.084375 0.0578125
0 0.45078125 0.4890625 0.05625 0.04765625