6 0.440625 0.1140625 0.15 0.228125
6 0.65 0.05 0.13046875 0.09921875
6 0.5921875 0.1890625 0.13046875 0.26015625
6 0.73359375 0.31796875 0.1125 0.2328125
6 0.41875 0.25625 0.09921875 0.140625
6 0.17265625 0.52265625 0.10390625 0.0953125
6 0.4125 0.40625 0.08046875 0.14140625
6 0.63359375 0.50703125 0.078125 0.1078125
4 0.55078125 0.425 0.0796875 0.1078125
0 0.2875 0.328125 0.096875 0.18671875
0 0.42890625 0.59296875 0.05078125 0.07890625
0 0.55078125 0.49453125 0.065625 0.0953125
5 0.4671875 0.4765625 0.05859375 0.103125
5 0.6546875 0.41640625 0.0859375 0.10703125
6 0.85546875 0.64609375 0.059375 0.05