6 0.559375 0.8859375 0.15 0.228125
6 0.35 0.95 0.13046875 0.09921875
6 0.4078125 0.8109375 0.13046875 0.26015625
6 0.26640625 0.68203125 0.1125 0.2328125
6 0.58125 0.74375 0.09921875 0.140625
6 0.82734375 0.47734375 0.10390625 0.0953125
6 0.5875 0.59375 0.08046875 0.14140625
6 0.36640625 0.49296875 0.078125 0.1078125
4 0.44921875 0.575 0.0796875 0.1078125
0 0.7125 0.671875 0.096875 0.18671875
0 0.57109375 0.40703125 0.05078125 0.07890625
0 0.44921875 0.50546875 0.065625 0.0953125
5 0.5328125 0.5234375 0.05859375 0.103125
5 0.3453125 0.58359375 0.0859375 0.10703125
6 0.14453125 0.35390625 0.059375 0.05