5 0.57734375 0.8375 0.109375 0.23203125
6 0.475 0.940625 0.1125 0.11875
6 0.6765625 0.71484375 0.10625 0.17890625
6 0.646875 0.60390625 0.07734375 0.134375
6 0.621875 0.5296875 0.06640625 0.11171875
5 0.36953125 0.52265625 0.075 0.15625
6 0.375 0.41015625 0.05703125 0.0796875
6 0.74453125 0.39375 0.07421875 0.10625
6 0.94921875 0.42578125 0.0984375 0.07578125
0 0.86640625 0.6734375 0.10859375 0.171875
5 0.68515625 0.95703125 0.1359375 0.0859375
5 0.71171875 0.846875 0.12890625 0.21953125
5 0.2875 0.621875 0.109375 0.21171875
6 0.5640625 0.653125 0.0890625 0.15234375