6 0.8359375 0.8296875 0.1203125 0.16015625
6 0.975 0.796875 0.05 0.159375
6 0.95390625 0.68828125 0.0921875 0.10859375
6 0.1046875 0.88828125 0.12109375 0.1484375
6 0.68359375 0.5015625 0.065625 0.09453125
5 0.7875 0.503125 0.06328125 0.09140625
5 0.565625 0.87890625 0.1234375 0.13359375
5 0.5921875 0.95546875 0.1375 0.0890625
5 0.39140625 0.9203125 0.13046875 0.146875
5 0.28125 0.63203125 0.0859375 0.09609375
5 0.02734375 0.71796875 0.0546875 0.1359375
5 0.7515625 0.56015625 0.07578125 0.1171875
0 0.21640625 0.77265625 0.10859375 0.17421875