6 0.1640625 0.8296875 0.1203125 0.16015625
6 0.025 0.796875 0.05 0.159375
6 0.04609375 0.68828125 0.0921875 0.10859375
6 0.8953125 0.88828125 0.12109375 0.1484375
6 0.31640625 0.5015625 0.065625 0.09453125
5 0.2125 0.503125 0.06328125 0.09140625
5 0.434375 0.87890625 0.1234375 0.13359375
5 0.4078125 0.95546875 0.1375 0.0890625
5 0.60859375 0.9203125 0.13046875 0.146875
5 0.71875 0.63203125 0.0859375 0.09609375
5 0.97265625 0.71796875 0.0546875 0.1359375
5 0.2484375 0.56015625 0.07578125 0.1171875
0 0.78359375 0.77265625 0.10859375 0.17421875