6 0.81796875 0.1625 0.08515625 0.15703125
6 0.81796875 0.03046875 0.06875 0.0609375
6 0.66796875 0.1296875 0.08125 0.14765625
6 0.48671875 0.16015625 0.09375 0.14765625
6 0.2234375 0.36875 0.078125 0.15546875
6 0.778125 0.615625 0.12265625 0.06953125
6 0.7671875 0.678125 0.1328125 0.07421875
6 0.396875 0.4734375 0.121875 0.11171875
6 0.04375 0.50703125 0.08671875 0.07734375
0 0.92109375 0.696875 0.11015625 0.08203125
3 0.57109375 0.13359375 0.09453125 0.15625
5 0.5734375 0.69765625 0.12578125 0.0859375