6 0.18203125 0.8375 0.08515625 0.15703125
6 0.18203125 0.96953125 0.06875 0.0609375
6 0.33203125 0.8703125 0.08125 0.14765625
6 0.51328125 0.83984375 0.09375 0.14765625
6 0.7765625 0.63125 0.078125 0.15546875
6 0.221875 0.384375 0.12265625 0.06953125
6 0.2328125 0.321875 0.1328125 0.07421875
6 0.603125 0.5265625 0.121875 0.11171875
6 0.95625 0.49296875 0.08671875 0.07734375
0 0.07890625 0.303125 0.11015625 0.08203125
3 0.42890625 0.86640625 0.09453125 0.15625
5 0.4265625 0.30234375 0.12578125 0.0859375