1 0.10546875 0.81796875 0.175 0.1953125
5 0.05859375 0.69140625 0.1171875 0.11328125
4 0.13046875 0.58515625 0.08828125 0.10078125
6 0.03359375 0.57734375 0.0671875 0.1046875
0 0.171875 0.6265625 0.11484375 0.096875
0 0.11328125 0.51328125 0.06015625 0.08125
6 0.24375 0.70625 0.140625 0.19375
6 0.24921875 0.575 0.0984375 0.08359375
5 0.321875 0.61875 0.11953125 0.1125
3 0.29765625 0.771875 0.121875 0.190625
5 0.24921875 0.50234375 0.07890625 0.09609375
5 0.321875 0.52734375 0.0796875 0.08125
5 0.359375 0.46953125 0.05625 0.07890625
5 0.40859375 0.56484375 0.09765625 0.1203125
6 0.59609375 0.55234375 0.07734375 0.0875
1 0.64296875 0.6609375 0.0875 0.17734375
6 0.60859375 0.84453125 0.13984375 0.19765625