1 0.89453125 0.18203125 0.175 0.1953125
5 0.94140625 0.30859375 0.1171875 0.11328125
4 0.86953125 0.41484375 0.08828125 0.10078125
6 0.96640625 0.42265625 0.0671875 0.1046875
0 0.828125 0.3734375 0.115625 0.096875
0 0.88671875 0.48671875 0.06015625 0.08125
6 0.75625 0.29375 0.140625 0.19375
6 0.75078125 0.425 0.0984375 0.084375
5 0.678125 0.38125 0.11953125 0.11328125
3 0.70234375 0.228125 0.121875 0.190625
5 0.75078125 0.49765625 0.07890625 0.09609375
5 0.678125 0.47265625 0.0796875 0.08203125
5 0.640625 0.53046875 0.05625 0.07890625
5 0.59140625 0.43515625 0.0984375 0.1203125
6 0.40390625 0.44765625 0.07734375 0.0875
1 0.35703125 0.3390625 0.0875 0.17734375
6 0.39140625 0.15546875 0.13984375 0.19765625