5 0.0921875 0.76328125 0.18359375 0.20390625
0 0.33203125 0.87578125 0.11484375 0.2484375
0 0.5359375 0.82734375 0.1296875 0.21640625
0 0.7015625 0.91640625 0.1640625 0.1671875
6 0.35859375 0.640625 0.0703125 0.1203125
6 0.46171875 0.65078125 0.07578125 0.1296875
6 0.6 0.67265625 0.11484375 0.15
5 0.73203125 0.728125 0.11640625 0.21328125
6 0.65078125 0.590625 0.09765625 0.10703125
0 0.69921875 0.6421875 0.09609375 0.115625
0 0.82109375 0.64921875 0.0921875 0.1328125
0 0.95234375 0.89765625 0.0953125 0.2046875
6 0.93828125 0.71171875 0.1234375 0.1734375
6 0.875 0.78359375 0.12421875 0.190625
6 0.4375 0.58046875 0.07109375 0.1140625
6 0.5265625 0.5375 0.08828125 0.13984375
6 0.45390625 0.51875 0.05078125 0.103125
6 0.875 0.57109375 0.09921875 0.12890625
6 0.75546875 0.578125 0.1 0.1125
6 0.84453125 0.5078125 0.0734375 0.1125
0 0.41953125 0.453125 0.05078125 0.11640625