0 0.25703125 0.0515625 0.1265625 0.10234375
5 0.3953125 0.16015625 0.10546875 0.19765625
3 0.35390625 0.45234375 0.05625 0.08515625
6 0.74453125 0.05546875 0.15078125 0.1109375
6 0.840625 0.09765625 0.16640625 0.19453125
6 0.5078125 0.4 0.059375 0.09140625
6 0.66953125 0.42265625 0.07421875 0.0734375
6 0.96484375 0.27265625 0.0703125 0.13984375
6 0.796875 0.278125 0.11171875 0.13359375
5 0.7015625 0.2671875 0.121875 0.15625
5 0.63046875 0.175 0.13671875 0.17734375
5 0.58359375 0.2875 0.10078125 0.1171875
5 0.59609375 0.39296875 0.075 0.0765625
5 0.546875 0.45859375 0.0453125 0.0703125
0 0.64296875 0.33046875 0.07734375 0.12109375
0 0.72109375 0.35703125 0.08046875 0.08359375
0 0.7796875 0.384375 0.09765625 0.09609375
0 0.7375 0.471875 0.05703125 0.06015625
0 0.62734375 0.46171875 0.05390625 0.078125
0 0.4890625 0.46171875 0.078125 0.10859375
6 0.58671875 0.4734375 0.0359375 0.05859375
6 0.6375 0.49375 0.0546875 0.06015625
6 0.5734375 0.503125 0.04765625 0.0515625
6 0.42265625 0.57578125 0.034375 0.06015625
6 0.45 0.5234375 0.040625 0.08125
3 0.28046875 0.57578125 0.0328125 0.05703125
3 0.3109375 0.66171875 0.01640625 0.0296875