5 0.81875 0.87578125 0.17734375 0.24765625
6 0.9890625 0.26640625 0.021875 0.04453125
6 0.88828125 0.1328125 0.015625 0.0328125
6 0.971875 0.1734375 0.0234375 0.03359375
0 0.98125 0.36171875 0.0375 0.07734375
0 0.98671875 0.29921875 0.0265625 0.0546875
0 0.759375 0.20546875 0.03125 0.0515625
0 0.95703125 0.23203125 0.03671875 0.065625
5 0.9828125 0.5515625 0.03359375 0.146875
5 0.98125 0.43359375 0.03671875 0.1109375
5 0.9734375 0.7578125 0.053125 0.25
5 0.9375 0.296875 0.06328125 0.08125
5 0.92734375 0.3765625 0.0625 0.08046875
5 0.90703125 0.453125 0.07109375 0.11640625
5 0.89140625 0.57578125 0.0953125 0.16640625
5 0.89296875 0.1765625 0.02578125 0.04375
5 0.86484375 0.14296875 0.0296875 0.0421875
5 0.85703125 0.19921875 0.0359375 0.04921875
6 0.72109375 0.246875 0.0578125 0.06328125
3 0.74140625 0.29921875 0.06328125 0.11171875
6 0.6734375 0.37109375 0.0828125 0.11328125
5 0.59140625 0.46953125 0.1078125 0.16640625
5 0.4171875 0.52890625 0.14375 0.17109375
5 0.4375 0.6109375 0.20390625 0.2765625
5 0.63125 0.60546875 0.14140625 0.2203125
6 0.1625 0.79296875 0.27734375 0.33359375
5 0.0890625 0.68671875 0.17734375 0.3265625
5 0.2671875 0.571875 0.17578125 0.18671875