0 0.74296875 0.9484375 0.1265625 0.10234375
5 0.6046875 0.83984375 0.10546875 0.19765625
3 0.64609375 0.54765625 0.05625 0.08515625
6 0.25546875 0.94453125 0.15078125 0.1109375
6 0.159375 0.90234375 0.16640625 0.19453125
6 0.4921875 0.6 0.059375 0.09140625
6 0.33046875 0.57734375 0.07421875 0.0734375
6 0.03515625 0.72734375 0.0703125 0.13984375
6 0.203125 0.721875 0.11171875 0.13359375
5 0.2984375 0.7328125 0.121875 0.15625
5 0.36953125 0.825 0.13671875 0.17734375
5 0.41640625 0.7125 0.10078125 0.1171875
5 0.40390625 0.60703125 0.075 0.0765625
5 0.453125 0.54140625 0.0453125 0.0703125
0 0.35703125 0.66953125 0.07734375 0.12109375
0 0.27890625 0.64296875 0.08046875 0.08359375
0 0.2203125 0.615625 0.09765625 0.09609375
0 0.2625 0.528125 0.05703125 0.06015625
0 0.37265625 0.53828125 0.05390625 0.078125
0 0.5109375 0.53828125 0.078125 0.10859375
6 0.41328125 0.5265625 0.0359375 0.05859375
6 0.3625 0.50625 0.0546875 0.06015625
6 0.4265625 0.496875 0.04765625 0.0515625
6 0.57734375 0.42421875 0.034375 0.06015625
6 0.55 0.4765625 0.040625 0.08125
3 0.71953125 0.42421875 0.0328125 0.05703125
3 0.6890625 0.33828125 0.01640625 0.0296875