3 0.67421875 0.58125 0.17421875 0.17109375
6 0.371875 0.5859375 0.10078125 0.15078125
0 0.525 0.36171875 0.25859375 0.2734375
6 0.853125 0.4640625 0.2859375 0.22421875
6 0.421875 0.67109375 0.1140625 0.10546875
5 0.25625 0.74296875 0.06484375 0.05625
6 0.3359375 0.72734375 0.0796875 0.05625
6 0.29765625 0.75859375 0.053125 0.05625
5 0.36640625 0.75 0.065625 0.05078125
0 0.80390625 0.63515625 0.17890625 0.11796875
6 0.66875 0.73828125 0.103125 0.090625
5 0.796875 0.6953125 0.15078125 0.09375
5 0.45234375 0.7265625 0.0828125 0.08359375
6 0.39609375 0.7828125 0.06171875 0.05859375
6 0.25859375 0.78046875 0.04375 0.0390625
6 0.2 0.8 0.0421875 0.040625
0 0.1984375 0.75 0.0390625 0.0484375
0 0.1625 0.7578125 0.03046875 0.04296875
0 0.1359375 0.72421875 0.05625 0.06015625
0 0.1140625 0.7671875 0.04140625 0.03515625
6 0.134375 0.78203125 0.0234375 0.03671875
6 0.14921875 0.79375 0.028125 0.02734375
6 0.92265625 0.70859375 0.14296875 0.08515625
6 0.746875 0.725 0.07109375 0.08125