0 0.52265625 0.9203125 0.16328125 0.15859375
6 0.3859375 0.9171875 0.15703125 0.165625
6 0.290625 0.80390625 0.16640625 0.16484375
0 0.653125 0.665625 0.06875 0.0921875
6 0.4171875 0.69921875 0.11328125 0.10390625
6 0.50078125 0.70390625 0.07890625 0.0984375
6 0.45859375 0.63203125 0.07421875 0.075
3 0.5515625 0.62734375 0.07421875 0.06875
6 0.5046875 0.58515625 0.06171875 0.06015625
0 0.58359375 0.58984375 0.06171875 0.06328125
6 0.67578125 0.575 0.04609375 0.05859375
6 0.60625 0.546875 0.0484375 0.040625
6 0.5546875 0.55 0.04609375 0.0484375
6 0.5671875 0.5234375 0.04140625 0.03984375
6 0.56328125 0.49140625 0.03046875 0.0484375
5 0.19296875 0.94765625 0.21953125 0.10390625