5 0.01171875 0.559375 0.02265625 0.10625
6 0.06796875 0.5015625 0.07734375 0.12421875
5 0.06328125 0.390625 0.07734375 0.125
6 0.1578125 0.32578125 0.10234375 0.16484375
6 0.2015625 0.39375 0.0796875 0.11328125
6 0.18046875 0.721875 0.03671875 0.0890625
6 0.2171875 0.53828125 0.07109375 0.08046875
6 0.340625 0.403125 0.09296875 0.1
0 0.58984375 0.12890625 0.1640625 0.1703125
0 0.6640625 0.19375 0.11953125 0.11171875
3 0.84296875 0.10390625 0.1375 0.0984375
6 0.84921875 0.03671875 0.16953125 0.0734375
5 0.83359375 0.20859375 0.16171875 0.1609375