5 0.29375 0.8796875 0.14375 0.196875
6 0.4765625 0.80546875 0.1296875 0.17734375
0 0.4953125 0.9546875 0.1671875 0.0859375
5 0.4953125 0.68359375 0.10390625 0.1375
5 0.37265625 0.5984375 0.0796875 0.11875
6 0.30078125 0.65078125 0.1 0.12734375
6 0.1875 0.66875 0.08046875 0.1546875
5 0.48828125 0.5328125 0.075 0.09140625
6 0.45859375 0.45390625 0.05390625 0.0734375
0 0.465625 0.4078125 0.05390625 0.071875
5 0.459375 0.36875 0.04609375 0.03125
6 0.8046875 0.7921875 0.1515625 0.2296875
5 0.728125 0.690625 0.09453125 0.1453125
0 0.915625 0.7796875 0.1359375 0.18125
5 0.83125 0.64765625 0.115625 0.12421875
6 0.68125 0.61015625 0.08828125 0.109375
6 0.65703125 0.528125 0.090625 0.11015625
6 0.78203125 0.55703125 0.08828125 0.1171875
5 0.97265625 0.56484375 0.0546875 0.1203125
3 0.8921875 0.5859375 0.09296875 0.0671875
3 0.93046875 0.640625 0.10390625 0.08359375
5 0.8546875 0.540625 0.07421875 0.0796875
5 0.8625 0.51171875 0.08515625 0.078125
0 0.8171875 0.46328125 0.06875 0.09140625
5 0.796875 0.42421875 0.05546875 0.08671875
6 0.7546875 0.40703125 0.03515625 0.06796875
6 0.66171875 0.4125 0.04765625 0.05703125
0 0.7015625 0.4125 0.0609375 0.07421875
5 0.60859375 0.4328125 0.059375 0.0765625
6 0.21484375 0.31796875 0.03828125 0.05078125