3 0.32578125 0.41875 0.17421875 0.17109375
6 0.628125 0.4140625 0.10078125 0.15078125
0 0.475 0.63828125 0.25859375 0.2734375
6 0.146875 0.5359375 0.2859375 0.22421875
6 0.578125 0.32890625 0.1140625 0.10546875
5 0.74375 0.25703125 0.06484375 0.05625
6 0.6640625 0.27265625 0.0796875 0.05625
6 0.70234375 0.24140625 0.053125 0.05625
5 0.63359375 0.25 0.065625 0.05078125
0 0.19609375 0.36484375 0.17890625 0.11796875
6 0.33125 0.26171875 0.103125 0.090625
5 0.203125 0.3046875 0.15078125 0.09375
5 0.54765625 0.2734375 0.0828125 0.08359375
6 0.60390625 0.2171875 0.06171875 0.05859375
6 0.74140625 0.21953125 0.04375 0.0390625
6 0.8 0.2 0.0421875 0.040625
0 0.8015625 0.25 0.0390625 0.0484375
0 0.8375 0.2421875 0.03046875 0.04296875
0 0.8640625 0.27578125 0.05625 0.06015625
0 0.8859375 0.2328125 0.04140625 0.03515625
6 0.865625 0.21796875 0.0234375 0.03671875
6 0.85078125 0.20625 0.028125 0.02734375
6 0.07734375 0.29140625 0.14296875 0.08515625
6 0.253125 0.275 0.07109375 0.08125