5 0.7328125 0.46328125 0.06171875 0.0546875
6 0.77109375 0.39375 0.059375 0.046875
6 0.809375 0.4609375 0.0625 0.05390625
6 0.75390625 0.57734375 0.09140625 0.07421875
6 0.7578125 0.51953125 0.09296875 0.0875
6 0.84296875 0.51015625 0.071875 0.07890625
0 0.8203125 0.6515625 0.08828125 0.12890625
0 0.7 0.65390625 0.0953125 0.11875
6 0.515625 0.4 0.0359375 0.0984375
0 0.47890625 0.43046875 0.065625 0.08203125
0 0.421875 0.44921875 0.03828125 0.09140625
6 0.45859375 0.51875 0.05 0.090625
5 0.52890625 0.53984375 0.084375 0.15546875
6 0.459375 0.65234375 0.065625 0.109375
6 0.440625 0.57109375 0.06328125 0.09140625
6 0.359375 0.64609375 0.0640625 0.11484375
5 0.08671875 0.77109375 0.1734375 0.20625
0 0.32109375 0.88359375 0.10859375 0.2328125
0 0.38046875 0.93515625 0.11640625 0.1296875
0 0.53203125 0.82578125 0.11640625 0.22109375
0 0.70234375 0.92109375 0.15703125 0.15703125
5 0.73515625 0.74453125 0.096875 0.2171875
5 0.95234375 0.9 0.0953125 0.2
6 0.875 0.78984375 0.13515625 0.18515625
6 0.93671875 0.71171875 0.121875 0.16875
6 0.875 0.5703125 0.10703125 0.1265625
6 0.653125 0.58046875 0.09453125 0.0859375
6 0.596875 0.6765625 0.11796875 0.1546875