5 0.70625 0.1203125 0.14375 0.196875
6 0.5234375 0.19453125 0.1296875 0.17734375
0 0.5046875 0.0453125 0.1671875 0.0859375
5 0.5046875 0.31640625 0.10390625 0.1375
5 0.62734375 0.4015625 0.0796875 0.11875
6 0.69921875 0.34921875 0.1 0.12734375
6 0.8125 0.33125 0.08046875 0.1546875
5 0.51171875 0.4671875 0.075 0.09140625
6 0.54140625 0.54609375 0.05390625 0.0734375
0 0.534375 0.5921875 0.05390625 0.071875
5 0.540625 0.63125 0.04609375 0.03125
6 0.1953125 0.2078125 0.1515625 0.2296875
5 0.271875 0.309375 0.09453125 0.1453125
0 0.084375 0.2203125 0.1359375 0.18125
5 0.16875 0.35234375 0.115625 0.12421875
6 0.31875 0.38984375 0.08828125 0.109375
6 0.34296875 0.471875 0.090625 0.11015625
6 0.21796875 0.44296875 0.08828125 0.1171875
5 0.02734375 0.43515625 0.0546875 0.1203125
3 0.1078125 0.4140625 0.09296875 0.0671875
3 0.06953125 0.359375 0.10390625 0.08359375
5 0.1453125 0.459375 0.07421875 0.0796875
5 0.1375 0.48828125 0.08515625 0.078125
0 0.1828125 0.53671875 0.06875 0.09140625
5 0.203125 0.57578125 0.05546875 0.08671875
6 0.2453125 0.59296875 0.03515625 0.06796875
6 0.33828125 0.5875 0.04765625 0.05703125
0 0.2984375 0.5875 0.0609375 0.07421875
5 0.39140625 0.5671875 0.059375 0.0765625
6 0.78515625 0.68203125 0.03828125 0.05078125