6 0.83984375 0.834375 0.1578125 0.19765625
0 0.15625 0.9265625 0.19765625 0.140625
0 0.32109375 0.6953125 0.075 0.109375
5 0.53671875 0.65078125 0.059375 0.12890625
5 0.48359375 0.5703125 0.04921875 0.1046875
0 0.3171875 0.54765625 0.059375 0.0578125
6 0.3828125 0.51640625 0.04140625 0.04140625
6 0.36015625 0.55390625 0.046875 0.0515625
0 0.25234375 0.60625 0.08984375 0.06015625
5 0.2984375 0.6234375 0.08828125 0.0859375
5 0.3859375 0.58828125 0.059375 0.07109375
6 0.4375 0.4953125 0.03203125 0.05
1 0.40546875 0.4875 0.03125 0.03984375
0 0.459375 0.44921875 0.0234375 0.025
6 0.50703125 0.4796875 0.03046875 0.0453125
6 0.66640625 0.53359375 0.04375 0.053125
6 0.6109375 0.46875 0.03671875 0.04609375
6 0.64609375 0.49140625 0.0296875 0.04296875
6 0.55390625 0.47265625 0.028125 0.02734375
5 0.71015625 0.45546875 0.03125 0.0359375
6 0.67890625 0.47578125 0.03671875 0.04375
6 0.5875 0.4625 0.0234375 0.034375
5 0.3546875 0.496875 0.05078125 0.0515625
6 0.12421875 0.82578125 0.17734375 0.14609375
6 0.55546875 0.44375 0.025 0.03515625
6 0.45234375 0.4125 0.0171875 0.0203125