6 0.6484375 0.27890625 0.31875 0.40546875
5 0.78046875 0.56640625 0.23359375 0.228125
0 0.3 0.65625 0.10859375 0.14140625
6 0.5828125 0.66796875 0.15859375 0.10546875
5 0.68203125 0.703125 0.1453125 0.10546875
6 0.52421875 0.74609375 0.1171875 0.0921875
1 0.37421875 0.70390625 0.08671875 0.07421875
0 0.2265625 0.75078125 0.06328125 0.0921875
5 0.7859375 0.7328125 0.1484375 0.08125
6 0.65234375 0.7875 0.11796875 0.06328125
5 0.41640625 0.78125 0.0859375 0.0515625
6 0.17109375 0.7765625 0.05078125 0.0671875
6 0.128125 0.80234375 0.03671875 0.03828125
6 0.23984375 0.8328125 0.0453125 0.05546875
6 0.334375 0.80078125 0.06640625 0.0640625
6 0.1640625 0.83359375 0.0265625 0.0359375