5 0.70625 0.8796875 0.14375 0.196875
6 0.5234375 0.80546875 0.1296875 0.17734375
0 0.5046875 0.9546875 0.1671875 0.0859375
5 0.50390625 0.68359375 0.10390625 0.13828125
5 0.62734375 0.5984375 0.0796875 0.11796875
6 0.69921875 0.65 0.1 0.12734375
6 0.8125 0.66796875 0.08046875 0.15390625
5 0.51171875 0.5328125 0.07578125 0.09140625
6 0.54140625 0.45390625 0.05390625 0.0734375
0 0.534375 0.40859375 0.05390625 0.071875
5 0.540625 0.36796875 0.04609375 0.03125
6 0.1953125 0.79140625 0.1515625 0.2296875
5 0.271875 0.690625 0.09453125 0.1453125
0 0.084375 0.7796875 0.13515625 0.18125
5 0.16875 0.64765625 0.115625 0.12421875
6 0.31875 0.609375 0.0875 0.109375
6 0.3421875 0.528125 0.090625 0.11015625
6 0.21796875 0.5578125 0.0875 0.1171875
5 0.02734375 0.56484375 0.0546875 0.1203125
3 0.1078125 0.5859375 0.09296875 0.0671875
3 0.06953125 0.640625 0.10390625 0.08359375
5 0.1453125 0.54140625 0.07421875 0.0796875
5 0.1375 0.51171875 0.084375 0.07734375
0 0.1828125 0.4625 0.06953125 0.09140625
5 0.203125 0.42421875 0.05546875 0.0859375
6 0.2453125 0.40625 0.03515625 0.06875
6 0.33828125 0.4125 0.04765625 0.05703125
0 0.2984375 0.4125 0.0609375 0.07421875
5 0.39140625 0.4328125 0.059375 0.0765625
6 0.78515625 0.31796875 0.0375 0.05078125