5 0.9171875 0.10625 0.16484375 0.21171875
0 0.934375 0.35546875 0.10546875 0.12265625
0 0.8421875 0.378125 0.103125 0.10546875
5 0.78984375 0.33125 0.09453125 0.128125
5 0.86640625 0.52421875 0.0515625 0.05625
5 0.77578125 0.5125 0.06875 0.0671875
5 0.70859375 0.46953125 0.06484375 0.08359375
5 0.6609375 0.53828125 0.0453125 0.06015625
6 0.76171875 0.47890625 0.06875 0.07265625
6 0.72265625 0.56953125 0.046875 0.05078125
6 0.665625 0.60859375 0.0359375 0.040625
6 0.61953125 0.6078125 0.0296875 0.03671875
0 0.63671875 0.6328125 0.01875 0.03046875
5 0.6875 0.11875 0.13515625 0.23671875
5 0.6078125 0.3421875 0.0765625 0.16328125
5 0.57265625 0.47109375 0.05 0.0890625
5 0.35234375 0.51953125 0.04375 0.08203125
5 0.39921875 0.4859375 0.0484375 0.08828125
5 0.41484375 0.55625 0.03984375 0.059375
5 0.50234375 0.57890625 0.02734375 0.05
5 0.4640625 0.5859375 0.0265625 0.04453125
5 0.27109375 0.19453125 0.13984375 0.3203125
6 0.4890625 0.20546875 0.09609375 0.30859375
6 0.36953125 0.075 0.1046875 0.15
6 0.56015625 0.565625 0.03046875 0.0640625
6 0.521875 0.60234375 0.0234375 0.0484375
6 0.50546875 0.6359375 0.021875 0.04765625
6 0.4171875 0.60078125 0.03359375 0.046875
6 0.42734375 0.64921875 0.021875 0.03046875
5 0.5328125 0.66796875 0.02109375 0.0390625
0 0.5390625 0.5375 0.03828125 0.08828125
0 0.04453125 0.33203125 0.08828125 0.12109375
5 0.23046875 0.4328125 0.13359375 0.171875
0 0.3890625 0.62421875 0.0296875 0.046875
5 0.609375 0.6484375 0.01953125 0.0296875