5 0.0828125 0.10625 0.16484375 0.21171875
0 0.065625 0.35546875 0.10546875 0.12265625
0 0.1578125 0.378125 0.103125 0.10546875
5 0.21015625 0.33125 0.09453125 0.128125
5 0.13359375 0.52421875 0.0515625 0.05625
5 0.22421875 0.5125 0.06875 0.0671875
5 0.29140625 0.46953125 0.06484375 0.08359375
5 0.3390625 0.53828125 0.0453125 0.06015625
6 0.23828125 0.47890625 0.06875 0.07265625
6 0.27734375 0.56953125 0.046875 0.05078125
6 0.334375 0.60859375 0.0359375 0.040625
6 0.38046875 0.6078125 0.0296875 0.03671875
0 0.36328125 0.6328125 0.01875 0.03046875
5 0.3125 0.11875 0.13515625 0.23671875
5 0.3921875 0.3421875 0.0765625 0.16328125
5 0.42734375 0.47109375 0.05 0.0890625
5 0.64765625 0.51953125 0.04375 0.08203125
5 0.60078125 0.4859375 0.0484375 0.08828125
5 0.58515625 0.55625 0.03984375 0.059375
5 0.49765625 0.57890625 0.02734375 0.05
5 0.5359375 0.5859375 0.0265625 0.04453125
5 0.72890625 0.19453125 0.13984375 0.3203125
6 0.5109375 0.20546875 0.09609375 0.30859375
6 0.63046875 0.075 0.1046875 0.15
6 0.43984375 0.565625 0.03046875 0.0640625
6 0.478125 0.60234375 0.0234375 0.0484375
6 0.49453125 0.6359375 0.021875 0.04765625
6 0.5828125 0.60078125 0.03359375 0.046875
6 0.57265625 0.64921875 0.021875 0.03046875
5 0.4671875 0.66796875 0.02109375 0.0390625
0 0.4609375 0.5375 0.03828125 0.08828125
0 0.95546875 0.33203125 0.08828125 0.12109375
5 0.76953125 0.4328125 0.13359375 0.171875
0 0.6109375 0.62421875 0.0296875 0.046875
5 0.390625 0.6484375 0.01953125 0.0296875