5 0.2515625 0.6796875 0.1203125 0.23359375
6 0.39921875 0.81640625 0.1375 0.2703125
6 0.5890625 0.59921875 0.08046875 0.17109375
0 0.70859375 0.67421875 0.0953125 0.1875
5 0.5296875 0.5296875 0.0625 0.11484375
5 0.3390625 0.58515625 0.08984375 0.1390625
4 0.4484375 0.57734375 0.0859375 0.121875
5 0.41875 0.678125 0.09921875 0.15703125
6 0.36328125 0.49375 0.07265625 0.11328125
5 0.48359375 0.44375 0.059375 0.0734375
0 0.44609375 0.50703125 0.06015625 0.09375
6 0.3984375 0.45859375 0.04921875 0.08359375
6 0.82734375 0.484375 0.11171875 0.09921875
6 0.56484375 0.884375 0.1515625 0.23125
5 0.5765625 0.75390625 0.09921875 0.15859375
0 0.41328125 0.41171875 0.04921875 0.075
6 0.14375 0.3515625 0.06015625 0.053125
0 0.56953125 0.40390625 0.05 0.0859375
6 0.953125 0.5515625 0.09296875 0.14296875