5 0.2671875 0.46328125 0.06171875 0.0546875
6 0.22890625 0.39375 0.059375 0.046875
6 0.190625 0.4609375 0.0625 0.05390625
6 0.24609375 0.57734375 0.09140625 0.07421875
6 0.2421875 0.51953125 0.09296875 0.0875
6 0.15703125 0.51015625 0.071875 0.07890625
0 0.1796875 0.6515625 0.08828125 0.12890625
0 0.3 0.65390625 0.0953125 0.11875
6 0.484375 0.4 0.0359375 0.0984375
0 0.52109375 0.43046875 0.065625 0.08203125
0 0.578125 0.44921875 0.03828125 0.09140625
6 0.54140625 0.51875 0.05 0.090625
5 0.47109375 0.53984375 0.084375 0.15546875
6 0.540625 0.65234375 0.065625 0.109375
6 0.559375 0.57109375 0.06328125 0.09140625
6 0.640625 0.64609375 0.0640625 0.11484375
5 0.91328125 0.77109375 0.1734375 0.20625
0 0.67890625 0.88359375 0.10859375 0.2328125
0 0.61953125 0.93515625 0.11640625 0.1296875
0 0.46796875 0.82578125 0.11640625 0.22109375
0 0.29765625 0.92109375 0.15703125 0.15703125
5 0.26484375 0.74453125 0.096875 0.2171875
5 0.04765625 0.9 0.0953125 0.2
6 0.125 0.78984375 0.13515625 0.18515625
6 0.06328125 0.71171875 0.121875 0.16875
6 0.125 0.5703125 0.10703125 0.1265625
6 0.346875 0.58046875 0.09453125 0.0859375
6 0.403125 0.6765625 0.11796875 0.1546875