5 0.415625 0.66484375 0.1734375 0.2890625
6 0.6921875 0.465625 0.2125 0.24921875
6 0.503125 0.459375 0.13359375 0.13984375
6 0.1046875 0.55703125 0.115625 0.16953125
6 0.09140625 0.428125 0.10390625 0.10546875
6 0.0671875 0.3453125 0.08671875 0.07890625
6 0.128125 0.2046875 0.06875 0.09375
6 0.221875 0.234375 0.07578125 0.1015625
6 0.05078125 0.2671875 0.08046875 0.08359375
5 0.51484375 0.384375 0.11796875 0.115625
5 0.175 0.8890625 0.20625 0.221875
5 0.35859375 0.39375 0.0890625 0.175
6 0.2828125 0.30234375 0.07578125 0.09453125
5 0.396875 0.340625 0.09453125 0.12890625