3 0.67421875 0.41875 0.17421875 0.17109375
6 0.371875 0.4140625 0.10078125 0.15078125
0 0.525 0.63828125 0.25859375 0.2734375
6 0.853125 0.5359375 0.2859375 0.22421875
6 0.421875 0.32890625 0.1140625 0.10546875
5 0.25625 0.25703125 0.06484375 0.05625
6 0.3359375 0.2734375 0.0796875 0.05546875
6 0.29765625 0.24140625 0.053125 0.05625
5 0.36640625 0.25 0.06484375 0.05078125
0 0.80390625 0.365625 0.17890625 0.11875
6 0.66875 0.26171875 0.103125 0.090625
5 0.796875 0.3046875 0.15078125 0.09375
5 0.45234375 0.2734375 0.0828125 0.08359375
6 0.39609375 0.21796875 0.06171875 0.05859375
6 0.25859375 0.21875 0.04375 0.0390625
6 0.2 0.2 0.04140625 0.040625
0 0.1984375 0.25 0.0390625 0.04921875
0 0.1625 0.24296875 0.03046875 0.04296875
0 0.1359375 0.27578125 0.05625 0.06015625
0 0.1140625 0.2328125 0.04140625 0.03515625
6 0.134375 0.21796875 0.0234375 0.03671875
6 0.14921875 0.20625 0.02734375 0.028125
6 0.92265625 0.29140625 0.14296875 0.08515625
6 0.746875 0.27421875 0.07109375 0.08125