0 0.52265625 0.0796875 0.16328125 0.15859375
6 0.3859375 0.0828125 0.15703125 0.165625
6 0.290625 0.196875 0.16640625 0.16484375
0 0.653125 0.334375 0.06875 0.0921875
6 0.4171875 0.30078125 0.11328125 0.10390625
6 0.5015625 0.29609375 0.07890625 0.0984375
6 0.45859375 0.36796875 0.07421875 0.075
3 0.55078125 0.37265625 0.07421875 0.06875
6 0.5046875 0.41484375 0.06171875 0.06015625
0 0.58359375 0.41015625 0.06171875 0.06328125
6 0.67578125 0.425 0.04609375 0.05859375
6 0.60625 0.453125 0.0484375 0.040625
6 0.5546875 0.45 0.04609375 0.0484375
6 0.5671875 0.4765625 0.04140625 0.03984375
6 0.56328125 0.5078125 0.03046875 0.0484375
5 0.19375 0.05234375 0.21875 0.1046875