5 0.7484375 0.6796875 0.1203125 0.23359375
6 0.60078125 0.81640625 0.1375 0.2703125
6 0.4109375 0.59921875 0.08046875 0.17109375
0 0.29140625 0.67421875 0.0953125 0.1875
5 0.4703125 0.5296875 0.0625 0.11484375
5 0.6609375 0.58515625 0.08984375 0.1390625
4 0.5515625 0.57734375 0.0859375 0.121875
5 0.58125 0.678125 0.09921875 0.15703125
6 0.63671875 0.49375 0.07265625 0.11328125
5 0.51640625 0.44375 0.059375 0.0734375
0 0.55390625 0.50703125 0.06015625 0.09375
6 0.6015625 0.45859375 0.04921875 0.08359375
6 0.17265625 0.484375 0.11171875 0.09921875
6 0.43515625 0.884375 0.1515625 0.23125
5 0.4234375 0.75390625 0.09921875 0.15859375
0 0.58671875 0.41171875 0.04921875 0.075
6 0.85625 0.3515625 0.06015625 0.053125
0 0.43046875 0.40390625 0.05 0.0859375
6 0.046875 0.5515625 0.09296875 0.14296875