5 0.98828125 0.440625 0.02265625 0.10625
6 0.93203125 0.4984375 0.07734375 0.12421875
5 0.93671875 0.609375 0.07734375 0.125
6 0.8421875 0.67421875 0.10234375 0.16484375
6 0.7984375 0.60625 0.0796875 0.11328125
6 0.81953125 0.278125 0.03671875 0.0890625
6 0.7828125 0.46171875 0.07109375 0.08046875
6 0.659375 0.596875 0.09296875 0.1
0 0.41015625 0.87109375 0.1640625 0.1703125
0 0.3359375 0.80625 0.11953125 0.11171875
3 0.15703125 0.89609375 0.1375 0.0984375
6 0.15078125 0.96328125 0.16953125 0.0734375
5 0.16640625 0.79140625 0.16171875 0.1609375