5 0.415625 0.33515625 0.1734375 0.2890625
6 0.6921875 0.534375 0.2125 0.24921875
6 0.503125 0.540625 0.13359375 0.13984375
6 0.1046875 0.44296875 0.115625 0.16953125
6 0.09140625 0.571875 0.10390625 0.10546875
6 0.0671875 0.6546875 0.08671875 0.07890625
6 0.128125 0.7953125 0.06875 0.09375
6 0.221875 0.765625 0.07578125 0.1015625
6 0.05078125 0.7328125 0.08046875 0.08359375
5 0.51484375 0.615625 0.11796875 0.115625
5 0.175 0.1109375 0.20625 0.221875
5 0.35859375 0.60625 0.0890625 0.175
6 0.2828125 0.69765625 0.07578125 0.09453125
5 0.396875 0.659375 0.09453125 0.12890625