5 0.18125 0.8765625 0.17734375 0.246875
6 0.0109375 0.26640625 0.021875 0.04453125
6 0.11171875 0.1328125 0.01640625 0.03203125
6 0.028125 0.1734375 0.0234375 0.03359375
0 0.01875 0.36171875 0.03671875 0.0765625
0 0.0140625 0.3 0.02734375 0.05546875
0 0.240625 0.20546875 0.03046875 0.05078125
0 0.04296875 0.23203125 0.03671875 0.065625
5 0.0171875 0.5515625 0.03359375 0.146875
5 0.01875 0.43359375 0.03671875 0.1109375
5 0.0265625 0.7578125 0.053125 0.25
5 0.0625 0.296875 0.06328125 0.08125
5 0.07265625 0.3765625 0.0625 0.08046875
5 0.09296875 0.453125 0.07109375 0.11640625
5 0.10859375 0.57578125 0.0953125 0.16640625
5 0.10703125 0.1765625 0.02578125 0.04375
5 0.13515625 0.14296875 0.0296875 0.04296875
5 0.14296875 0.19921875 0.0359375 0.04921875
6 0.27890625 0.246875 0.0578125 0.06328125
3 0.25859375 0.29921875 0.06328125 0.1109375
6 0.3265625 0.37109375 0.0828125 0.1140625
5 0.40859375 0.46953125 0.1078125 0.16640625
5 0.5828125 0.52890625 0.14375 0.17109375
5 0.5625 0.6109375 0.20390625 0.2765625
5 0.36875 0.60546875 0.14140625 0.2203125
6 0.8375 0.79296875 0.27734375 0.334375
5 0.9109375 0.68671875 0.178125 0.3265625
5 0.7328125 0.571875 0.17578125 0.18671875